position	A	C	G	T	N
1	19994220	14640964	12694053	17457391	0
2	18301540	15954533	12745853	17784702	0
3	16043766	17812514	13814795	17115553	0
4	15961080	17642393	13612151	17552268	18736
5	14988596	19394695	14793205	15610132	0
6	16085905	15898845	16366734	16435144	0
7	16489863	17672386	15062974	15561405	0
8	17436725	14229920	15884151	17215484	20348
9	15393055	16231056	15471754	17689073	1690
10	15663346	15776065	15688671	17658546	0
11	15367770	16789175	15160448	17469235	0
12	15196991	17338635	14926610	17324392	0
13	16909189	15875188	16487495	15471129	43627
14	15706480	15888962	15146761	18044425	0
