position	A	C	G	T	N
1	20508919	14640677	12547300	17094114	0
2	18364445	16095327	12752950	17578288	0
3	16323109	18015129	13512550	16940222	0
4	16129425	17910459	13316347	17434779	0
5	15034509	18852468	15192509	15711524	0
6	15210385	17980176	15612313	15988136	0
7	16701459	17851736	14720649	15517166	0
8	17881137	13568909	16206966	17133998	0
9	147064	432142	72565	64138880	359
10	123671	63619275	66135	981694	235
11	154617	191088	57158	64387941	206
12	176487	451381	64528	64097380	1234
13	417246	63593141	76543	703568	512
14	63609617	96163	420395	663913	922
15	112979	404241	63572413	701074	303
16	97691	63553498	383806	755979	36
17	124606	132470	63425255	1108679	0
18	109499	156476	71136	64453810	89
19	103642	497485	47778	64142105	0
20	88238	63847750	59281	795741	0
21	89308	63826868	75340	799346	148
22	122920	63458454	379023	830492	121
23	429160	72140	63418270	871315	125
24	63523148	51777	416448	799172	465
25	433795	68461	63430613	857725	416
26	63519735	183252	142541	945477	5
27	15200050	16672725	15658889	17259346	0
28	15704253	16036241	15596458	17454058	0
29	15408116	16809153	15153092	17420649	0
30	15145652	17541780	14888957	17214621	0
31	16926443	15955413	16619133	15290021	0
32	15250486	16429905	15013382	18097237	0
33	13087252	13800604	13324511	24578643	0
34	275168	8681155	295788	55538899	0
35	2462460	55931938	2563674	3832924	14
36	15891558	14187410	16771418	17940537	87
37	15139169	12859784	18090453	18701330	274
38	14393646	13749810	17118770	19527273	1511
39	14372998	13499236	17307961	19610100	715
40	14341782	13340076	17229666	19879121	365
41	13998716	13739609	16653782	20397224	1679
42	13699049	13184805	16674926	21231453	777
