position	A	C	G	T	N
1	58303953	47462934	38454571	51677870	0
2	52603313	52169737	38670751	52455527	0
3	48874705	56731605	38729160	51563858	0
4	47742411	55327205	40726358	52103354	0
5	46453543	56794003	44429262	48222520	0
6	46147545	56150451	44348513	49252819	0
7	48522818	53460054	44409312	49507144	0
8	41781885	39397663	38448496	76271284	0
9	47789906	45848092	40623718	61637612	0
10	43052261	48628559	43392186	60826322	0
11	42914277	48754487	40365468	63865096	0
12	42025257	48824615	45135782	59913674	0
13	43330734	47913447	46197300	58457847	0
14	39092151	46538311	44139446	66129420	0
15	34734407	41529058	31108393	88527470	0
